210,108,405,259