2,66,498,296