24,149,282,216