52,225,239,291