152,117,356,194