61,36,220,117