13,72,515,296