81,181,331,218