314,16,457,185