177,91,393,127