109,114,236,268