153,136,373,250