11,19,355,486