121,282,235,327