45,132,417,223