138,296,254,436