112,57,371,244