22,165,70,208