17,214,515,332