219,136,339,155