99,178,145,336