126,128,377,181