90,164,447,274