19,33,488,199