96,85,216,178