57,105,376,147