28,23,479,328