33,117,203,312