75,202,367,311