12,146,467,287