23,319,343,408