168,179,309,219