133,264,232,296