171,179,314,247