159,175,236,215