76,260,410,308