226,106,270,171