46,30,178,157