57,36,408,278