88,72,404,198