61,96,459,247