30,147,279,246