9,128,502,244