42,65,450,277