302,118,397,165