8,44,245,313