363,144,483,248