43,100,498,214