49,68,471,242