65,142,421,210