152,139,455,287