265,145,456,226