37,117,162,245