28,155,167,270