57,386,312,437