11,50,457,185