155,181,320,226