84,220,279,269