15,30,377,255