192,118,318,178