182,123,336,264