15,56,453,231