30,147,160,173