19,108,516,196