1,99,85,239