90,137,399,227