123,81,387,148