5,121,466,229