169,264,342,306