116,14,171,122