11,42,496,245