50,68,472,282