7,3,207,77