106,69,495,336