89,213,330,300