16,211,146,263