221,133,459,252