44,177,340,271