154,112,409,199