215,45,311,78