13,142,460,329