1,1,511,269