66,177,276,259