25,77,481,369