161,82,252,115