108,269,225,300