134,185,511,377