33,84,515,327