262,100,333,140