155,195,342,239