132,25,317,133