364,172,519,284