126,155,398,237