18,44,487,228