40,173,447,225