154,151,449,211