54,88,149,261