28,137,467,312