21,22,87,89