46,213,452,291