115,107,394,236