3,150,490,201