246,162,338,267