30,19,473,364