16,55,507,327