47,96,322,146