82,243,298,328