55,53,303,168