56,82,441,210