322,123,409,207