86,197,240,332