79,206,295,267