13,162,328,225