23,9,499,193